0.09377548746375353
0.36065568206488396
0.7579723704741245
0.7451168434487302
0.48319942505222846
0.3761590642098608
0.5033073814108309
0.5137451610771849
0.9606056985204244
0.30503492004838506
0.248291936851059
0.6533314296648385
0.7193461601126572
0.9357632091858685
0.24467071273994478
0.6777123174804319
0.9685384079475126
0.27376882508111766
0.025295455968858738
0.17081642779164485
0.3041902556988971
0.5254916474004081
0.38873890329905525
0.7205927940574973
0.06588642377380938
0.6060517946565174
0.7642008594727708
0.33095598237789614
0.6083894751967903
0.8930740646400456
0.5916242926126046
0.36878577425328607
0.4927018207458852
0.3447447426521272
0.3802601328951978
0.5766507120672749
0.832581641580702
0.9019306508452897
0.7934896406355586
0.06180956777595481
0.4202000818461229
0.30219867839786263
0.448533368182631
0.4581754275760408
0.7985729542518513
0.04783191111863161
0.11674626383506637
0.6503119760848288
0.14859525814523566
0.2904458853035047
0.6635187592921792
0.5471625916654722
0.7149523881183747
0.8215666759423768
0.37637371515643503
0.3980969739123136
0.5078766706158637
0.1915401376964495
0.29566987007832135
0.054992327392111795
0.18666386269694335
0.21839963191065137
0.7843923687590113
0.4014485298666085
0.3560590223636517
0.793826995914681
0.8518313286018655
0.8938705595044861
0.9880668892644009
0.9450998172145502
0.6805200059119543
0.7890331528465397
0.31943673547504614
0.5699255661519322
0.39662406101490155
0.16887628153381784
0.3690175254002719
0.1253209785017142
0.37104380018839533
0.3156623821960921
0.1693740605632461
0.8222029811668404
0.24181185245308323
0.3392593471828864
0.9135003822015141
0.5541153302068528
0.4079388356008722
0.21319613032712414
0.48016192967374227
0.871522682879254
0.9606797147896766
0.5372700393308767
0.2203432229377177
0.8023618886459798
0.8902644589589847
0.4118687439383565
0.4624731527849394
0.215048023735819
0.9344560051449002
0.7828015544880494
